email,firstname,lastname,password,prefix,suffix,dob,taxvat,gender,middlename
june6-1@oxinfotech.com,balaji,balaji,326159,mr.,tinku,4/3/2014,test,1,tinku
june6-2@oxinfotech.com,harshini,balaji,326159,ms.,tinki,4/3/2014,test1,2,tinki
